(1.) 1 0 2.719732101186423
(2.) 1.04 0.11096390896826555 2.8328200507783734
(3.) 1.08 0.22662560406226986 2.954649856857167
(4.) 1.12 0.3473358975168389 3.0853038638230625
(5.) 1.16 0.47344991316811413 3.2249123571805365
(6.) 1.2 0.6053288860912811 3.3736483332484757
(7.) 1.24 0.7433417798279922 3.5317234606796672
(8.) 1.28 0.8878667629456545 3.699384974500805
(9.) 1.32 1.0392925777880566 3.876913307710786
(10.) 1.3599999999999999 1.1980198275625165 4.064620312530501
(11.) 1.4 1.3644622027904958 4.2628479581821335
(12.) 1.44 1.5390476642170872 4.471967418044495
(13.) 1.48 1.7222195962340554 4.692378478598963
(14.) 1.52 1.9144379425050042 4.924509217456086
(15.) 1.56 2.1161803336305423 5.168815909156304
(16.) 1.6 2.3279432152375086 5.425783126250411
(17.) 1.6400000000000001 2.550242983730575 5.695924010028308
(18.) 1.6800000000000002 2.7836171360397732 5.979780690649789
(19.) 1.72 3.0286254389825564 6.277924840687049
(20.) 1.76 3.2858511232947363 6.5909583494786315
(21.) 1.8 3.555902106940847 6.919514108412689
(22.) 1.8399999999999999 3.83941225196775 7.264256899453936
(23.) 1.88 4.13704265889716 7.625884381016723
(24.) 1.92 4.449483002449088 8.005128166754583
(25.) 1.96 4.777452912237527 8.402754994049511
(26.) 2 5.121703401973049 8.819567979997533
(27.) 2.04 5.483018350637329 9.256407963539626
(28.) 2.08 5.862216039056219 9.714154933111828
(29.) 2.12 6.260150745286276 10.193729539811624
(30.) 2.16 6.677714402241149 10.69609469661822
(31.) 2.2 7.115838321015733 11.222257264679625
(32.) 2.24 7.575494983415519 11.773269828102316
(33.) 2.2800000000000002 8.057699907263919 12.350232559059782
(34.) 2.3200000000000003 8.563513588140301 12.954295175382935
(35.) 2.3600000000000003 9.094043521294553 13.586658993116728
(36.) 2.4000000000000004 9.65044630758964 14.24857907682615
(37.) 2.44 10.233929847440638 14.941366490719131
(38.) 2.48 10.845755626847165 15.666390653926143
(39.) 2.52 11.48724109975473 16.4250818035373
(40.) 2.56 12.159762171130149 17.218933569257434
(41.) 2.6 12.864755785295324 18.049505663790242
(42.) 2.64 13.603722624233368 18.918426693316913
(43.) 2.6799999999999997 14.378229920760667 19.827397092684816
(44.) 2.7199999999999998 15.189914391648145 20.77819219017636
(45.) 2.76 16.040485295974776 21.772665406985148
(46.) 2.8 16.931727624206957 22.812751596787972
(47.) 2.84 17.865505423717813 23.90047053106583
(48.) 2.88 18.843765266692223 25.037930536103524
(49.) 2.92 19.868539866606096 26.227332287875125
(50.) 2.96 20.941951849722233 27.470972771311608
(51.) 3 22.066217688311024 28.77124941074589
(52.) 3.04 23.243651802581905 30.13066437863654
(53.) 3.08 24.476670838601947 31.551829089990058
(54.) 3.12 25.76779812978111 33.03746889023093
(55.) 3.16 27.119668349820422 34.59042794461191
(56.) 3.2 28.535032365350062 36.21367433760629
(57.) 3.24 30.016762296828926 37.910305391097545
(58.) 3.2800000000000002 31.567856796637866 39.68355321056261
(59.) 3.32 33.19144655367391 41.53679046883685
(60.) 3.36 34.8908000341448 43.47353643747027
(61.) 3.4 36.669329468671535 45.49746327610631
(62.) 3.44 38.53059709623331 47.61240259076729
(63.) 3.48 40.47832167593292 49.822352272390624
(64.) 3.52 42.51638527802456 52.13148362744704
(65.) 3.56 44.64884036612868 54.54414881297582
(66.) 3.6 46.879917183062624 57.06488858889473
(67.) 3.64 49.21403145324026 59.6984404009885
(68.) 3.68 51.655792415141704 62.44974680855177
(69.) 3.72 54.2100111979244 65.32396427125198
(70.) 3.7600000000000002 56.88170955684186 68.32647231039202
(71.) 3.8000000000000003 59.67612898275576 71.4628830604024
(72.) 3.84 62.59874020167403 74.73905122705817
(73.) 3.88 65.65525308092037 78.16108446960648
(74.) 3.92 68.85162695924255 81.73535422473392
(75.) 3.96 72.19408141889909 85.46850699103831
(76.) 4 75.68910751852562 89.36747609348056
(77.) 4.04 79.34347950637753 93.43949394809154
(78.) 4.08 83.16426703437294 97.69210484808166
(79.) 4.12 87.15884789422407 102.13317829338688
(80.) 4.16 91.33492129784389 106.77092288660788
(81.) 4.2 95.7005217251527 111.61390081927784
(82.) 4.24 100.26403336338612 116.67104297339445
(83.) 4.28 105.03420516302425 121.9516646642056
(84.) 4.32 110.02016653652257 127.46548205133176
(85.) 4.359999999999999 115.23144372713067 133.2226292464515
(86.) 4.4 120.6779768762387 139.23367614696414
(87.) 4.4399999999999995 126.37013781888778 145.50964702627027
(88.) 4.48 132.31874863834034 152.06203991262814
(89.) 4.52 138.5351010118981 158.90284678985722
(90.) 4.5600000000000005 145.03097638152892 166.04457465457648
(91.) 4.6 151.81866698426415 173.5002674661313
(92.) 4.640000000000001 158.91099777881942 181.28352902686515
(93.) 4.68 166.32134930641334 189.408546831984
(94.) 4.720000000000001 174.06368152537814 197.89011692992594
(95.) 4.76 182.15255866080741 206.74366983583568
(96.) 4.800000000000001 190.60317511224505 215.98529754257603
(97.) 4.84 199.43138246421347 225.63178167553417
(98.) 4.88 208.6537176462876 235.70062283946314
(99.) 4.92 218.28743229137052 246.21007120759302
(100.) 4.96 228.35052334289503 257.1791584053795
