(1.) 0 0.0000066027 OGRANICENJE
(2.) 0.001 0.0000064706 -0.00014515000000000022
(3.) 0.002 0.0000063124 -0.0001703000000000003
(4.) 0.003 0.00000613 -0.00019344999999999982
(5.) 0.004 0.0000059255 -0.0002142999999999998
(6.) 0.005 0.0000057014 -0.00023255
(7.) 0.006 0.0000054604 -0.0002479499999999999
(8.) 0.007 0.0000052055 -0.00026020000000000004
(9.) 0.008 0.00000494 -0.0002690500000000001
(10.) 0.009 0.0000046674 -0.00027430000000000005
(11.) 0.01 0.0000043914 -0.00027570000000000014
(12.) 0.011 0.000004116 -0.00027295000000000005
(13.) 0.012 0.0000038455 -0.00026590000000000007
(14.) 0.013 0.0000035842 -0.0002543499999999999
(15.) 0.014 0.0000033368 -0.00023799999999999988
(16.) 0.015 0.0000031082 -0.0002167500000000001
(17.) 0.016 0.0000029033 -0.00019049999999999997
(18.) 0.017 0.0000027272 -0.00015905000000000013
(19.) 0.018 0.0000025852 -0.00012215000000000007
(20.) 0.019 0.0000024829 -0.0000798499999999999
(21.) 0.02 0.0000024255 -0.000032000000000000046
(22.) 0.021 0.0000024189 0.00002150000000000015
(23.) 0.022 0.0000024685 0.00008065000000000009
(24.) 0.023 0.0000025802 0.0001455499999999997
(25.) 0.024 0.0000027596 0.00021614999999999986
(26.) 0.025 0.0000030125 0.0002925000000000004
(27.) 0.026 0.0000033446 0.0003745500000000004
(28.) 0.027 0.0000037616 0.0004621999999999996
(29.) 0.028 0.000004269 0.0005554499999999997
(30.) 0.029 0.0000048725 0.0006542000000000006
(31.) 0.03 0.0000055774 0.0007583500000000003
(32.) 0.031 0.0000063892 0.000867699999999999
(33.) 0.032 0.0000073128 0.0009820999999999994
(34.) 0.033 0.0000083534 0.001101499999999999
(35.) 0.034 0.0000095158 0.0012257999999999991
(36.) 0.035 0.000010805 0.0013541000000000037
(37.) 0.036 0.000012224 0.0014870000000000033
(38.) 0.037 0.000013779 0.0016239999999999985
(39.) 0.038 0.000015472 0.0017644999999999991
(40.) 0.039 0.000017308 0.0019089999999999982
(41.) 0.04 0.00001929 0.0020559999999999984
(42.) 0.041 0.00002142 0.002206499999999998
(43.) 0.042 0.000023703 0.002359500000000006
(44.) 0.043 0.000026139 0.002514500000000006
(45.) 0.044 0.000028732 0.0026714999999999972
(46.) 0.045 0.000031482 0.0028299999999999974
(47.) 0.046 0.000034392 0.0029899999999999974
(48.) 0.047 0.000037462 0.003150999999999998
(49.) 0.048 0.000040694 0.003311999999999995
(50.) 0.049 0.000044086 0.0034729999999999956
(51.) 0.05 0.00004764 0.0036340000000000122
(52.) 0.051 0.000051354 0.003794000000000011
(53.) 0.052 0.000055228 0.003953499999999995
(54.) 0.053 0.000059261 0.004111499999999996
(55.) 0.054 0.000063451 0.004267499999999995
(56.) 0.055 0.000067796 0.0044209999999999935
(57.) 0.056 0.000072293 0.004572499999999993
(58.) 0.057 0.000076941 0.004721500000000002
(59.) 0.058 0.000081736 0.004866000000000016
(60.) 0.059 0.000086673 0.0050075000000000085
(61.) 0.06 0.000091751 0.0051454999999999956
(62.) 0.061 0.000096964 0.005279499999999998
(63.) 0.062 0.00010231 0.005407999999999995
(64.) 0.063 0.00010778 0.0055299999999999915
(65.) 0.064 0.00011337 0.005649999999999997
(66.) 0.065 0.00011908 0.005764999999999998
(67.) 0.066 0.0001249 0.005869999999999991
(68.) 0.067 0.00013082 0.0059699999999999935
(69.) 0.068 0.00013684 0.006064999999999998
(70.) 0.069 0.00014295 0.006154999999999992
(71.) 0.07 0.00014915 0.006240000000000032
(72.) 0.071 0.00015543 0.006315000000000048
(73.) 0.072 0.00016178 0.006379999999999998
(74.) 0.073 0.00016819 0.0064399999999999935
(75.) 0.074 0.00017466 0.006494999999999992
(76.) 0.075 0.00018118 0.0065449999999999935
(77.) 0.076 0.00018775 0.006585
(78.) 0.077 0.00019435 0.0066099999999999865
(79.) 0.078 0.00020097 0.006634999999999987
(80.) 0.079 0.00020762 0.006654999999999991
(81.) 0.08 0.00021428 0.006660000000000002
(82.) 0.081 0.00022094 0.006660000000000002
(83.) 0.082 0.0002276 0.006654999999999991
(84.) 0.083 0.00023425 0.006639999999999998
(85.) 0.084 0.00024088 0.006614999999999998
(86.) 0.085 0.00024748 0.006585000000000046
(87.) 0.086 0.00025405 0.006550000000000036
(88.) 0.087 0.00026058 0.006504999999999987
(89.) 0.088 0.00026706 0.006454999999999986
(90.) 0.089 0.00027349 0.00639499999999999
(91.) 0.09 0.00027985 0.006329999999999996
(92.) 0.091 0.00028615 0.006260000000000006
(93.) 0.092 0.00029237 0.006179999999999993
(94.) 0.093 0.00029851 0.006094999999999983
(95.) 0.094 0.00030456 0.0060050000000000025
(96.) 0.095 0.00031052 0.005909999999999998
(97.) 0.096 0.00031638 0.005804999999999998
(98.) 0.097 0.00032213 0.005695
(99.) 0.098 0.00032777 0.005585000000000003
(100.) 0.099 0.0003333 0.005469999999999982
(101.) 0.1 0.00033871 0.005344999999999992
(102.) 0.101 0.00034399 0.005215000000000042
(103.) 0.102 0.00034914 0.005085000000000027
(104.) 0.103 0.00035416 0.0049550000000000045
(105.) 0.104 0.00035905 0.0048199999999999936
(106.) 0.105 0.0003638 0.004674999999999987
(107.) 0.106 0.0003684 0.004529999999999981
(108.) 0.107 0.00037286 0.004385000000000003
(109.) 0.108 0.00037717 0.004239999999999996
(110.) 0.109 0.00038134 0.004089999999999993
(111.) 0.11 0.00038535 0.003935000000000019
(112.) 0.111 0.00038921 0.0037849999999999885
(113.) 0.112 0.00039292 0.0036299999999999874
(114.) 0.113 0.00039647 0.0034749999999999863
(115.) 0.114 0.00039987 0.0033199999999999857
(116.) 0.115 0.00040311 0.003165000000000012
(117.) 0.116 0.0004062 0.003010000000000011
(118.) 0.117 0.00040913 0.0028550000000000025
(119.) 0.118 0.00041191 0.002705000000000025
(120.) 0.119 0.00041454 0.0025500000000000054
(121.) 0.12 0.00041701 0.002399999999999975
(122.) 0.121 0.00041934 0.0022499999999999985
(123.) 0.122 0.00042151 0.002099999999999995
(124.) 0.123 0.00042354 0.001954999999999989
(125.) 0.124 0.00042542 0.00181000000000001
(126.) 0.125 0.00042716 0.0016700000000000011
(127.) 0.126 0.00042876 0.0015299999999999925
(128.) 0.127 0.00043022 0.0013950000000000082
(129.) 0.128 0.00043155 0.0012649999999999944
(130.) 0.129 0.00043275 0.0011350000000000075
(131.) 0.13 0.00043382 0.0010050000000000209
(132.) 0.131 0.00043476 0.0008799999999999773
(133.) 0.132 0.00043558 0.0007599999999999853
(134.) 0.133 0.00043628 0.0006450000000000178
(135.) 0.134 0.00043687 0.0005349999999999936
(136.) 0.135 0.00043735 0.0004249999999999964
(137.) 0.136 0.00043772 0.00032000000000002377
(138.) 0.137 0.00043799 0.0002149999999999969
(139.) 0.138 0.00043815 0.00011999999999999197
(140.) 0.139 0.00043823 0.000030000000000011544
(141.) 0.14 0.00043821 -0.00006499999999999429
(142.) 0.141 0.0004381 -0.0001500000000000056
(143.) 0.142 0.00043791 -0.00022500000000001883
(144.) 0.143 0.00043765 -0.00030500000000000443
(145.) 0.144 0.0004373 -0.00037999999999999265
(146.) 0.145 0.00043689 -0.00045000000000001056
(147.) 0.146 0.0004364 -0.000515000000000004
(148.) 0.147 0.00043586 -0.0005749999999999999
(149.) 0.148 0.00043525 -0.0006349999999999959
(150.) 0.149 0.00043459 -0.0006899999999999944
(151.) 0.15 0.00043387 -0.0007399999999999957
(152.) 0.151 0.00043311 -0.0007899999999999969
(153.) 0.152 0.00043229 -0.0008350000000000006
(154.) 0.153 0.00043144 -0.0008700000000000095
(155.) 0.154 0.00043055 -0.0009099999999999888
(156.) 0.155 0.00042962 -0.0009499999999999951
(157.) 0.156 0.00042865 -0.0009800000000000067
(158.) 0.157 0.00042766 -0.0010049999999999937
(159.) 0.158 0.00042664 -0.0010350000000000053
(160.) 0.159 0.00042559 -0.0010599999999999924
(161.) 0.16 0.00042452 -0.0010800000000000091
(162.) 0.161 0.00042343 -0.0010999999999999985
(163.) 0.162 0.00042232 -0.0011199999999999882
(164.) 0.163 0.00042119 -0.0011350000000000075
(165.) 0.164 0.00042005 -0.0011499999999999998
(166.) 0.165 0.00041889 -0.0011599999999999946
(167.) 0.166 0.00041773 -0.0011699999999999894
(168.) 0.167 0.00041655 -0.0011800000000000113
(169.) 0.168 0.00041537 -0.0011900000000000062
(170.) 0.169 0.00041417 -0.0011999999999999739
(171.) 0.17 0.00041297 -0.001200000000000001
(172.) 0.171 0.00041177 -0.001205000000000015
(173.) 0.172 0.00041056 -0.0012100000000000125
(174.) 0.173 0.00040935 -0.0012150000000000203
(175.) 0.174 0.00040813 -0.0012199999999999906
(176.) 0.175 0.00040691 -0.0012199999999999906
(177.) 0.176 0.00040569 -0.0012200000000000177
(178.) 0.177 0.00040447 -0.0012199999999999906
(179.) 0.178 0.00040325 -0.001224999999999988
(180.) 0.179 0.00040202 -0.0012300000000000126
(181.) 0.18 0.00040079 -0.0012300000000000126
(182.) 0.181 0.00039956 -0.0012299999999999854
(183.) 0.182 0.00039833 -0.0012299999999999854
(184.) 0.183 0.0003971 -0.0012300000000000126
(185.) 0.184 0.00039587 -0.00123500000000001
(186.) 0.185 0.00039463 -0.0012349999999999829
(187.) 0.186 0.0003934 -0.0012349999999999829
(188.) 0.187 0.00039216 -0.0012400000000000074
(189.) 0.188 0.00039092 -0.0012400000000000074
(190.) 0.189 0.00038968 -0.0012450000000000048
(191.) 0.19 0.00038843 -0.0012500000000000022
(192.) 0.191 0.00038718 -0.0012500000000000022
(193.) 0.192 0.00038593 -0.0012500000000000022
(194.) 0.193 0.00038468 -0.0012549999999999996
(195.) 0.194 0.00038342 -0.001259999999999997
(196.) 0.195 0.00038216 -0.0012649999999999944
(197.) 0.196 0.00038089 -0.0012649999999999944
(198.) 0.197 0.00037963 -0.0012699999999999918
(199.) 0.198 0.00037835 -0.0012799999999999867
(200.) 0.199 0.00037707 -0.0012800000000000138
(201.) 0.2 0.00037579 -0.0012850000000000112
(202.) 0.201 0.0003745 -0.0012899999999999815
(203.) 0.202 0.00037321 -0.0012900000000000086
(204.) 0.203 0.00037192 -0.001295000000000024
(205.) 0.204 0.00037062 -0.0013049999999999917
(206.) 0.205 0.00036931 -0.0013099999999999982
(207.) 0.206 0.000368 -0.0013150000000000227
(208.) 0.207 0.00036668 -0.0013149999999999956
(209.) 0.208 0.00036537 -0.001319999999999993
(210.) 0.209 0.00036404 -0.0013249999999999905
(211.) 0.21 0.00036272 -0.0013299999999999879
(212.) 0.211 0.00036138 -0.0013350000000000124
(213.) 0.212 0.00036005 -0.0013350000000000124
(214.) 0.213 0.00035871 -0.0013400000000000098
(215.) 0.214 0.00035737 -0.00134499999999998
(216.) 0.215 0.00035602 -0.0013499999999999773
(217.) 0.216 0.00035467 -0.0013500000000000044
(218.) 0.217 0.00035332 -0.0013500000000000044
(219.) 0.218 0.00035197 -0.0013550000000000018
(220.) 0.219 0.00035061 -0.0013550000000000018
(221.) 0.22 0.00034926 -0.0013550000000000018
(222.) 0.221 0.0003479 -0.0013599999999999992
(223.) 0.222 0.00034654 -0.0013649999999999966
(224.) 0.223 0.00034517 -0.0013649999999999966
(225.) 0.224 0.00034381 -0.0013649999999999966
(226.) 0.225 0.00034244 -0.0013649999999999966
(227.) 0.226 0.00034108 -0.0013649999999999966
(228.) 0.227 0.00033971 -0.001369999999999994
(229.) 0.228 0.00033834 -0.001369999999999994
(230.) 0.229 0.00033697 -0.0013649999999999966
(231.) 0.23 0.00033561 -0.0013649999999999966
(232.) 0.231 0.00033424 -0.0013750000000000186
(233.) 0.232 0.00033286 -0.0013750000000000186
(234.) 0.233 0.00033149 -0.001369999999999994
(235.) 0.234 0.00033012 -0.0013700000000000131
(236.) 0.235 0.00032875 -0.0013700000000000131
(237.) 0.236 0.00032738 -0.0013749999999999915
(238.) 0.237 0.000326 -0.0013749999999999915
(239.) 0.238 0.00032463 -0.0013749999999999915
(240.) 0.239 0.00032325 -0.001380000000000016
(241.) 0.24 0.00032187 -0.001380000000000016
(242.) 0.241 0.00032049 -0.0013799999999999889
(243.) 0.242 0.00031911 -0.0013849999999999863
(244.) 0.243 0.00031772 -0.0013849999999999863
(245.) 0.244 0.00031634 -0.0013850000000000134
(246.) 0.245 0.00031495 -0.0013900000000000108
(247.) 0.246 0.00031356 -0.001394999999999981
(248.) 0.247 0.00031216 -0.0014000000000000056
(249.) 0.248 0.00031076 -0.0014000000000000056
(250.) 0.249 0.00030936 -0.001405000000000003
(251.) 0.25 0.00030795 -0.0014100000000000004
(252.) 0.251 0.00030654 -0.0014100000000000004
(253.) 0.252 0.00030513 -0.0014149999999999979
(254.) 0.253 0.00030371 -0.0014199999999999953
(255.) 0.254 0.00030229 -0.0014249999999999927
(256.) 0.255 0.00030086 -0.00142999999999999
(257.) 0.256 0.00029943 -0.0014350000000000146
(258.) 0.257 0.00029799 -0.001439999999999985
(259.) 0.258 0.00029655 -0.001439999999999985
(260.) 0.259 0.00029511 -0.0014500000000000068
(261.) 0.26 0.00029365 -0.0014550000000000043
(262.) 0.261 0.0002922 -0.0014550000000000043
(263.) 0.262 0.00029074 -0.001464999999999999
(264.) 0.263 0.00028927 -0.0014699999999999965
(265.) 0.264 0.0002878 -0.0014699999999999965
(266.) 0.265 0.00028633 -0.001474999999999994
(267.) 0.266 0.00028485 -0.0014799999999999913
(268.) 0.267 0.00028337 -0.0014799999999999913
(269.) 0.268 0.00028189 -0.0014850000000000158
(270.) 0.269 0.0002804 -0.0014900000000000132
(271.) 0.27 0.00027891 -0.0014899999999999861
(272.) 0.271 0.00027742 -0.0014950000000000106
(273.) 0.272 0.00027592 -0.0014950000000000106
(274.) 0.273 0.00027443 -0.0014949999999999835
(275.) 0.274 0.00027293 -0.001499999999999981
(276.) 0.275 0.00027143 -0.0014950000000000106
(277.) 0.276 0.00026994 -0.0014950000000000106
(278.) 0.277 0.00026844 -0.001499999999999981
(279.) 0.278 0.00026694 -0.0014950000000000106
(280.) 0.279 0.00026545 -0.0014900000000000132
(281.) 0.28 0.00026396 -0.0014899999999999861
(282.) 0.281 0.00026247 -0.0014900000000000275
(283.) 0.282 0.00026098 -0.00148500000000003
(284.) 0.283 0.0002595 -0.0014799999999999913
(285.) 0.284 0.00025802 -0.0014800000000000184
(286.) 0.285 0.00025654 -0.001475000000000021
(287.) 0.286 0.00025507 -0.0014699999999999965
(288.) 0.287 0.0002536 -0.001464999999999999
(289.) 0.288 0.00025214 -0.0014600000000000017
(290.) 0.289 0.00025068 -0.0014549999999999771
(291.) 0.29 0.00024923 -0.0014499999999999797
(292.) 0.291 0.00024778 -0.0014450000000000094
(293.) 0.292 0.00024634 -0.0014350000000000146
(294.) 0.293 0.00024491 -0.0014300000000000038
(295.) 0.294 0.00024348 -0.00142999999999999
(296.) 0.295 0.00024205 -0.0014249999999999927
(297.) 0.296 0.00024063 -0.0014149999999999979
(298.) 0.297 0.00023922 -0.0014100000000000004
(299.) 0.298 0.00023781 -0.001405000000000003
(300.) 0.299 0.00023641 -0.0014000000000000056
(301.) 0.3 0.00023501 -0.0013999999999999922
(302.) 0.301 0.00023361 -0.0013949999999999948
(303.) 0.302 0.00023222 -0.0013950000000000082
(304.) 0.303 0.00023082 -0.0013899999999999974
(305.) 0.304 0.00022944 -0.001385
(306.) 0.305 0.00022805 -0.0013899999999999974
(307.) 0.306 0.00022666 -0.0013899999999999974
(308.) 0.307 0.00022527 -0.001385
(309.) 0.308 0.00022389 -0.001385
(310.) 0.309 0.0002225 -0.0013949999999999948
(311.) 0.31 0.0002211 -0.0013949999999999948
(312.) 0.311 0.00021971 -0.0013950000000000082
(313.) 0.312 0.00021831 -0.001405000000000003
(314.) 0.313 0.0002169 -0.001409999999999987
(315.) 0.314 0.00021549 -0.001409999999999987
(316.) 0.315 0.00021408 -0.001420000000000009
(317.) 0.316 0.00021265 -0.0014300000000000038
(318.) 0.317 0.00021122 -0.0014399999999999986
(319.) 0.318 0.00020977 -0.0014499999999999934
(320.) 0.319 0.00020832 -0.0014549999999999908
(321.) 0.32 0.00020686 -0.001464999999999999
(322.) 0.321 0.00020539 -0.0014800000000000047
(323.) 0.322 0.0002039 -0.0014950000000000106
(324.) 0.323 0.0002024 -0.0015049999999999918
(325.) 0.324 0.00020089 -0.0015149999999999866
(326.) 0.325 0.00019937 -0.001530000000000006
(327.) 0.326 0.00019783 -0.0015449999999999982
(328.) 0.327 0.00019628 -0.0015599999999999904
(329.) 0.328 0.00019471 -0.0015750000000000098
(330.) 0.329 0.00019313 -0.0015850000000000046
(331.) 0.33 0.00019154 -0.0015999999999999968
(332.) 0.331 0.00018993 -0.0016150000000000025
(333.) 0.332 0.00018831 -0.0016249999999999973
(334.) 0.333 0.00018668 -0.0016349999999999921
(335.) 0.334 0.00018504 -0.001649999999999998
(336.) 0.335 0.00018338 -0.0016650000000000037
(337.) 0.336 0.00018171 -0.0016749999999999985
(338.) 0.337 0.00018003 -0.0016849999999999934
(339.) 0.338 0.00017834 -0.0016950000000000018
(340.) 0.339 0.00017664 -0.0017049999999999967
(341.) 0.34 0.00017493 -0.0017099999999999939
(342.) 0.341 0.00017322 -0.001715000000000005
(343.) 0.342 0.0001715 -0.0017200000000000023
(344.) 0.343 0.00016978 -0.0017250000000000477
(345.) 0.344 0.00016805 -0.001730000000000045
(346.) 0.345 0.00016632 -0.0017299999999999972
(347.) 0.346 0.00016459 -0.0017349999999999946
(348.) 0.347 0.00016285 -0.0017299999999999972
(349.) 0.348 0.00016113 -0.0017249999999999998
(350.) 0.349 0.0001594 -0.0017249999999999998
(351.) 0.35 0.00015768 -0.0017200000000000023
(352.) 0.351 0.00015596 -0.0017149999999999913
(353.) 0.352 0.00015425 -0.0017049999999999967
(354.) 0.353 0.00015255 -0.0016950000000000018
(355.) 0.354 0.00015086 -0.001679999999999996
(356.) 0.355 0.00014919 -0.0016700000000000011
(357.) 0.356 0.00014752 -0.0016599999999999929
(358.) 0.357 0.00014587 -0.0016450000000000006
(359.) 0.358 0.00014423 -0.0016350000000000058
(360.) 0.359 0.0001426 -0.001614999999999989
(361.) 0.36 0.000141 -0.0015999999999999968
(362.) 0.361 0.0001394 -0.0015850000000000046
(363.) 0.362 0.00013783 -0.0015650000000000015
(364.) 0.363 0.00013627 -0.0015449999999999982
(365.) 0.364 0.00013474 -0.0015249999999999951
(366.) 0.365 0.00013322 -0.0015150000000000003
(367.) 0.366 0.00013171 -0.001494999999999997
(368.) 0.367 0.00013023 -0.001474999999999994
(369.) 0.368 0.00012876 -0.0014550000000000043
(370.) 0.369 0.00012732 -0.0014399999999999986
(371.) 0.37 0.00012588 -0.0014249999999999927
(372.) 0.371 0.00012447 -0.0014100000000000004
(373.) 0.372 0.00012306 -0.0013950000000000015
(374.) 0.373 0.00012168 -0.0013800000000000025
(375.) 0.374 0.0001203 -0.001370000000000001
(376.) 0.375 0.00011894 -0.0013599999999999992
(377.) 0.376 0.00011758 -0.0013499999999999977
(378.) 0.377 0.00011624 -0.0013399999999999961
(379.) 0.378 0.0001149 -0.0013399999999999961
(380.) 0.379 0.00011356 -0.0013349999999999987
(381.) 0.38 0.00011223 -0.0013349999999999987
(382.) 0.381 0.00011089 -0.0013349999999999987
(383.) 0.382 0.00010956 -0.0013349999999999987
(384.) 0.383 0.00010822 -0.0013450000000000003
(385.) 0.384 0.00010687 -0.0013550000000000018
(386.) 0.385 0.00010551 -0.0013599999999999992
(387.) 0.386 0.00010415 -0.0013749999999999984
(388.) 0.387 0.00010276 -0.0013899999999999974
(389.) 0.388 0.00010137 -0.0014054999999999975
(390.) 0.389 0.000099949 -0.0014294999999999959
(391.) 0.39 0.000098511 -0.0014500000000000001
(392.) 0.391 0.000097049 -0.0014750000000000006
(393.) 0.392 0.000095561 -0.0015019999999999988
(394.) 0.393 0.000094045 -0.0015310000000000013
(395.) 0.394 0.000092499 -0.0015619999999999948
(396.) 0.395 0.000090921 -0.0015954999999999936
(397.) 0.396 0.000089308 -0.0016305000000000026
(398.) 0.397 0.00008766 -0.0016670000000000014
(399.) 0.398 0.000085974 -0.0017049999999999967
(400.) 0.399 0.00008425 -0.0017440000000000008
(401.) 0.4 0.000082486 -0.0017845000000000014
(402.) 0.401 0.000080681 -0.0018254999999999964
(403.) 0.402 0.000078835 -0.0018674999999999935
(404.) 0.403 0.000076946 -0.0019099999999999987
(405.) 0.404 0.000075015 -0.0019520000000000026
(406.) 0.405 0.000073042 -0.0019939999999999997
(407.) 0.406 0.000071027 -0.0020360000000000534
(408.) 0.407 0.00006897 -0.0020770000000000562
(409.) 0.408 0.000066873 -0.0021174999999999996
(410.) 0.409 0.000064735 -0.002156999999999998
(411.) 0.41 0.000062559 -0.0021944999999999955
(412.) 0.411 0.000060346 -0.0022299999999999954
(413.) 0.412 0.000058099 -0.0022639999999999987
(414.) 0.413 0.000055818 -0.0022959999999999977
(415.) 0.414 0.000053507 -0.0023249999999999968
(416.) 0.415 0.000051168 -0.0023514999999999973
(417.) 0.416 0.000048804 -0.002374999999999998
(418.) 0.417 0.000046418 -0.002394999999999998
(419.) 0.418 0.000044014 -0.0024115
(420.) 0.419 0.000041595 -0.0024244999999999983
(421.) 0.42 0.000039165 -0.0024334999999999973
(422.) 0.421 0.000036728 -0.0024384999999999984
(423.) 0.422 0.000034288 -0.002438999999999996
(424.) 0.423 0.00003185 -0.0024349999999999992
(425.) 0.424 0.000029418 -0.002426499999999999
(426.) 0.425 0.000026997 -0.0024139999999999973
(427.) 0.426 0.00002459 -0.0023964999999999976
(428.) 0.427 0.000022204 -0.002373499999999998
(429.) 0.428 0.000019843 -0.002345999999999997
(430.) 0.429 0.000017512 -0.0023139999999999983
(431.) 0.43 0.000015215 -0.002276999999999998
(432.) 0.431 0.000012958 -0.002234999999999998
(433.) 0.432 0.000010745 -0.002188349999999998
(434.) 0.433 0.0000085813 -0.002136749999999998
(435.) 0.434 0.0000064715 -0.0020805499999999983
(436.) 0.435 0.0000044202 -0.002019849999999998
(437.) 0.436 0.0000024318 -0.001954749999999998
(438.) 0.437 5.107e-7 -0.0018853999999999984
(439.) 0.438 -0.000001339 -0.0018120499999999984
(440.) 0.439 -0.0000031134 -0.0017348499999999985
(441.) 0.44 -0.0000048087 -0.0016539999999999986
(442.) 0.441 -0.0000064214 -0.0015697999999999984
(443.) 0.442 -0.0000079483 -0.0014823999999999987
(444.) 0.443 -0.0000093862 -0.001392349999999999
(445.) 0.444 -0.000010733 -0.0012993999999999987
(446.) 0.445 -0.000011985 -0.0012039999999999987
(447.) 0.446 -0.000013141 -0.001107499999999999
(448.) 0.447 -0.0000142 -0.001008999999999999
(449.) 0.448 -0.000015159 -0.0009090000000000002
(450.) 0.449 -0.000016018 -0.0008079999999999998
(451.) 0.45 -0.000016775 -0.0007064999999999985
(452.) 0.451 -0.000017431 -0.0006049999999999996
(453.) 0.452 -0.000017985 -0.0005029999999999996
(454.) 0.453 -0.000018437 -0.0004019999999999985
(455.) 0.454 -0.000018789 -0.00030199999999999953
(456.) 0.455 -0.000019041 -0.0002025
(457.) 0.456 -0.000019194 -0.00010450000000000034
(458.) 0.457 -0.00001925 -0.000008499999999999997
(459.) 0.458 -0.000019211 0.00008499999999999995
(460.) 0.459 -0.00001908 0.0001759999999999995
(461.) 0.46 -0.000018859 0.0002649999999999998
(462.) 0.461 -0.00001855 0.00035049999999999914
(463.) 0.462 -0.000018158 0.0004324999999999993
(464.) 0.463 -0.000017685 0.0005114999999999997
(465.) 0.464 -0.000017135 0.0005864999999999997
(466.) 0.465 -0.000016512 0.0006574999999999994
(467.) 0.466 -0.00001582 0.0007239999999999995
(468.) 0.467 -0.000015064 0.0007859999999999999
(469.) 0.468 -0.000014248 0.0008440000000000226
(470.) 0.469 -0.000013376 0.0008970000000000242
(471.) 0.47 -0.000012454 0.0009454999999999997
(472.) 0.471 -0.000011485 0.0009889999999999992
(473.) 0.472 -0.000010476 0.0010272999999999986
(474.) 0.473 -0.0000094304 0.0010610999999999988
(475.) 0.474 -0.0000083538 0.0010895999999999992
(476.) 0.475 -0.0000072512 0.001113249999999999
(477.) 0.476 -0.0000061273 0.0011319499999999992
(478.) 0.477 -0.0000049873 0.001145749999999999
(479.) 0.478 -0.0000038358 0.001154799999999999
(480.) 0.479 -0.0000026777 0.0011591499999999988
(481.) 0.48 -0.0000015175 0.0011588999999999987
(482.) 0.481 -3.599e-7 0.001154189999999999
(483.) 0.482 7.9088e-7 0.0011452499999999991
(484.) 0.483 0.0000019306 0.0011322099999999992
(485.) 0.484 0.0000030553 0.001115299999999999
(486.) 0.485 0.0000041612 0.0010946499999999989
(487.) 0.486 0.0000052446 0.0010705499999999989
(488.) 0.487 0.0000063023 0.0010432499999999993
(489.) 0.488 0.0000073311 0.0010128999999999995
(490.) 0.489 0.0000083281 0.0009798999999999988
(491.) 0.49 0.0000092909 0.000944449999999999
(492.) 0.491 0.000010217 0.0009065499999999999
(493.) 0.492 0.000011104 0.0008669999999999987
(494.) 0.493 0.000011951 0.0008259999999999986
(495.) 0.494 0.000012756 0.0007834999999999995
(496.) 0.495 0.000013518 0.0007399999999999999
(497.) 0.496 0.000014236 0.0006949999999999995
(498.) 0.497 0.000014908 0.00065
(499.) 0.498 0.000015536 0.000605499999999999
(500.) 0.499 0.000016119 0.0005599999999999992
(501.) 0.5 0.000016656 0.0005144999999999994
(502.) 0.501 0.000017148 0.00046999999999999847
(503.) 0.502 0.000017596 0.0004264999999999997
(504.) 0.503 0.000018001 0.0003839999999999997
(505.) 0.504 0.000018364 0.00034250000000000025
(506.) 0.505 0.000018686 0.00030150000000000017
(507.) 0.506 0.000018967 0.0002624999999999994
(508.) 0.507 0.000019211 0.0002260000000000007
(509.) 0.508 0.000019419 0.0001910000000000002
(510.) 0.509 0.000019593 0.00015749999999999963
(511.) 0.51 0.000019734 0.00012549999999999893
(512.) 0.511 0.000019844 0.00009649999999999976
(513.) 0.512 0.000019927 0.00007000000000000096
(514.) 0.513 0.000019984 0.00004549999999999978
(515.) 0.514 0.000020018 0.00002299999999999959
(516.) 0.515 0.00002003 0.0000025000000000003975
(517.) 0.516 0.000020023 -0.000014999999999998996
(518.) 0.517 0.00002 -0.00003000000000000138
(519.) 0.518 0.000019963 -0.00004300000000000107
(520.) 0.519 0.000019914 -0.000053999999999999774
(521.) 0.52 0.000019855 -0.00006249999999999977
(522.) 0.521 0.000019789 -0.00006899999999999876
(523.) 0.522 0.000019717 -0.00007399999999999956
(524.) 0.523 0.000019641 -0.00007700000000000106
(525.) 0.524 0.000019563 -0.00007750000000000046
(526.) 0.525 0.000019486 -0.00007649999999999996
(527.) 0.526 0.00001941 -0.00007500000000000006
(528.) 0.527 0.000019336 -0.00007149999999999916
(529.) 0.528 0.000019267 -0.00006650000000000007
(530.) 0.529 0.000019203 -0.00006099999999999987
(531.) 0.53 0.000019145 -0.000053999999999999774
(532.) 0.531 0.000019095 -0.00004699999999999968
(533.) 0.532 0.000019051 -0.00003950000000000018
(534.) 0.533 0.000019016 -0.000031000000000000184
(535.) 0.534 0.000018989 -0.000022500000000000188
(536.) 0.535 0.000018971 -0.000014499999999999594
(537.) 0.536 0.00001896 -0.000006499999999999
(538.) 0.537 0.000018958 0.0000019999999999993015
(539.) 0.538 0.000018964 0.000009500000000000493
(540.) 0.539 0.000018977 0.000015999999999999494
(541.) 0.54 0.000018996 0.00002199999999999909
(542.) 0.541 0.000019021 0.000027500000000000984
(543.) 0.542 0.000019051 0.00003200000000000068
(544.) 0.543 0.000019085 0.000034999999999998784
(545.) 0.544 0.000019121 0.00003699999999999978
(546.) 0.545 0.000019159 0.00003750000000000088
(547.) 0.546 0.000019196 0.00003699999999999978
(548.) 0.547 0.000019233 0.00003500000000000048
(549.) 0.548 0.000019266 0.000031499999999999587
(550.) 0.549 0.000019296 0.000026999999999999887
(551.) 0.55 0.00001932 0.00001999999999999979
(552.) 0.551 0.000019336 0.000011999999999999197
(553.) 0.552 0.000019344 0.0000029999999999997993
(554.) 0.553 0.000019342 -0.000008000000000000594
(555.) 0.554 0.000019328 -0.000020499999999999194
(556.) 0.555 0.000019301 -0.000033999999999999986
(557.) 0.556 0.00001926 -0.000049000000000000676
(558.) 0.557 0.000019203 -0.00006549999999999957
(559.) 0.558 0.000019129 -0.00008299999999999897
(560.) 0.559 0.000019037 -0.00010199999999999994
(561.) 0.56 0.000018925 -0.00012150000000000034
(562.) 0.561 0.000018794 -0.00014150000000000013
(563.) 0.562 0.000018642 -0.00016250000000000943
(564.) 0.563 0.000018469 -0.00018450000000000974
(565.) 0.564 0.000018273 -0.0002069999999999997
(566.) 0.565 0.000018055 -0.0002289999999999988
(567.) 0.566 0.000017815 -0.00025200000000000005
(568.) 0.567 0.000017551 -0.00027550000000000073
(569.) 0.568 0.000017264 -0.0002979999999999993
(570.) 0.569 0.000016955 -0.00032049999999999944
(571.) 0.57 0.000016623 -0.0003429999999999996
(572.) 0.571 0.000016269 -0.0003644999999999993
(573.) 0.572 0.000015894 -0.0003854999999999996
(574.) 0.573 0.000015498 -0.0004059999999999996
(575.) 0.574 0.000015082 -0.0004254999999999992
(576.) 0.575 0.000014647 -0.00044399999999999995
(577.) 0.576 0.000014194 -0.00046150000000000016
(578.) 0.577 0.000013724 -0.0004769999999999994
(579.) 0.578 0.00001324 -0.000491499999999999
(580.) 0.579 0.000012741 -0.0005049999999999998
(581.) 0.58 0.00001223 -0.0005164999999999996
(582.) 0.581 0.000011708 -0.0005269999999999997
(583.) 0.582 0.000011176 -0.0005354999999999997
(584.) 0.583 0.000010637 -0.0005414999999999993
(585.) 0.584 0.000010093 -0.0005463999999999999
(586.) 0.585 0.0000095442 -0.000549849999999999
(587.) 0.586 0.0000089933 -0.0005510999999999992
(588.) 0.587 0.000008442 -0.0005505999999999998
(589.) 0.588 0.0000078921 -0.0005483499999999995
(590.) 0.589 0.0000073453 -0.0005442999999999995
(591.) 0.59 0.0000068035 -0.0005384999999999995
(592.) 0.591 0.0000062683 -0.0005310999999999994
(593.) 0.592 0.0000057413 -0.0005219999999999994
(594.) 0.593 0.0000052243 -0.00051125
(595.) 0.594 0.0000047188 -0.0004990999999999996
(596.) 0.595 0.0000042261 -0.0004854999999999994
(597.) 0.596 0.0000037478 -0.0004705499999999997
(598.) 0.597 0.000003285 -0.0004544499999999995
(599.) 0.598 0.0000028389 -0.0004371999999999996
(600.) 0.599 0.0000024106 -0.00041894999999999964
(601.) 0.6 0.000002001 -0.00039979999999999963
(602.) 0.601 0.000001611 -0.00037989999999999964
(603.) 0.602 0.0000012412 -0.0003594149999999996
(604.) 0.603 8.9217e-7 -0.00033841499999999973
(605.) 0.604 5.6437e-7 -0.00031703999999999977
(606.) 0.605 2.5809e-7 -0.00029544699999999973
(607.) 0.606 -2.6524e-8 -0.00027376499999999976
(608.) 0.607 -2.8944e-7 -0.00025212299999999977
(609.) 0.608 -5.3077e-7 -0.0002306499999999998
(610.) 0.609 -7.5074e-7 -0.00020946999999999985
(611.) 0.61 -9.4971e-7 -0.00018872999999999985
(612.) 0.611 -0.0000011282 -0.00016849499999999976
(613.) 0.612 -0.0000012867 -0.00014894999999999983
(614.) 0.613 -0.0000014261 -0.0001301999999999999
(615.) 0.614 -0.0000015471 -0.00011224999999999987
(616.) 0.615 -0.0000016506 -0.00009529999999999988
(617.) 0.616 -0.0000017377 -0.00007934999999999996
(618.) 0.617 -0.0000018093 -0.00006455000000000002
(619.) 0.618 -0.0000018668 -0.00005094999999999997
(620.) 0.619 -0.0000019112 -0.00003855
(621.) 0.62 -0.0000019439 -0.000027499999999999923
(622.) 0.621 -0.0000019662 -0.00001779999999999984
(623.) 0.622 -0.0000019795 -0.000009400000000000062
(624.) 0.623 -0.000001985 -0.0000023500000000000686
(625.) 0.624 -0.0000019842 0.0000032499999999999236
(626.) 0.625 -0.0000019785 0.000007499999999999921
(627.) 0.626 -0.0000019692 0.000010350000000000028
(628.) 0.627 -0.0000019578 0.000011900000000000037
(629.) 0.628 -0.0000019454 0.00001214999999999995
(630.) 0.629 -0.0000019335 0.000011050000000000079
(631.) 0.63 -0.0000019233 0.000008800000000000017
(632.) 0.631 -0.0000019159 0.000005399999999999977
(633.) 0.632 -0.0000019125 8.50000000000169e-7
(634.) 0.633 -0.0000019142 -0.000004700000000000137
(635.) 0.634 -0.0000019219 -0.000011150000000000086
(636.) 0.635 -0.0000019365 -0.000018449999999999994
(637.) 0.636 -0.0000019588 -0.00002650000000000006
(638.) 0.637 -0.0000019895 -0.00003529999999999987
(639.) 0.638 -0.0000020294 -0.000044599999999999925
(640.) 0.639 -0.0000020787 -0.000054300000000000005
(641.) 0.64 -0.000002138 -0.00006449999999999991
(642.) 0.641 -0.0000022077 -0.00007484999999999995
(643.) 0.642 -0.0000022877 -0.00008534999999999988
(644.) 0.643 -0.0000023784 -0.00009589999999999992
(645.) 0.644 -0.0000024795 -0.00010634999999999996
(646.) 0.645 -0.0000025911 -0.00011669999999999977
(647.) 0.646 -0.0000027129 -0.00012674999999999977
(648.) 0.647 -0.0000028446 -0.00013644999999999985
(649.) 0.648 -0.0000029858 -0.0001456499999999999
(650.) 0.649 -0.0000031359 -0.00015434999999999993
(651.) 0.65 -0.0000032945 -0.0001624
(652.) 0.651 -0.0000034607 -0.0001697499999999998
(653.) 0.652 -0.000003634 -0.00017634999999999987
(654.) 0.653 -0.0000038134 -0.00018204999999999984
(655.) 0.654 -0.0000039981 -0.00018694999999999958
(656.) 0.655 -0.0000041873 -0.00019089999999999998
(657.) 0.656 -0.0000043799 -0.0001938500000000001
(658.) 0.657 -0.000004575 -0.00019579999999999972
(659.) 0.658 -0.0000047715 -0.00019669999999999958
(660.) 0.659 -0.0000049684 -0.00019659999999999976
(661.) 0.66 -0.0000051647 -0.0001954499999999998
(662.) 0.661 -0.0000053593 -0.00019319999999999995
(663.) 0.662 -0.0000055511 -0.00018995
(664.) 0.663 -0.0000057392 -0.0001856999999999996
(665.) 0.664 -0.0000059225 -0.00018044999999999994
(666.) 0.665 -0.0000061001 -0.00017424999999999993
(667.) 0.666 -0.000006271 -0.0001671499999999996
(668.) 0.667 -0.0000064344 -0.00015914999999999986
(669.) 0.668 -0.0000065893 -0.00015024999999999983
(670.) 0.669 -0.0000067349 -0.00014070000000000006
(671.) 0.67 -0.0000068707 -0.00013045000000000005
(672.) 0.671 -0.0000069958 -0.00011949999999999976
(673.) 0.672 -0.0000071097 -0.00010805000000000008
(674.) 0.673 -0.0000072119 -0.00009614999999999983
(675.) 0.674 -0.000007302 -0.00008379999999999987
(676.) 0.675 -0.0000073795 -0.00007109999999999998
(677.) 0.676 -0.0000074442 -0.00005819999999999966
(678.) 0.677 -0.0000074959 -0.00004514999999999986
(679.) 0.678 -0.0000075345 -0.000032000000000000256
(680.) 0.679 -0.0000075599 -0.000018800000000000125
(681.) 0.68 -0.0000075721 -0.000005699999999999788
(682.) 0.681 -0.0000075713 0.000007200000000000111
(683.) 0.682 -0.0000075577 0.000019849999999999886
(684.) 0.683 -0.0000075316 0.00003224999999999996
(685.) 0.684 -0.0000074932 0.0000443499999999998
(686.) 0.685 -0.0000074429 0.000055949999999999815
(687.) 0.686 -0.0000073813 0.00006705
(688.) 0.687 -0.0000073088 0.00007765000000000425
(689.) 0.688 -0.000007226 0.0000876500000000047
(690.) 0.689 -0.0000071335 0.00009704999999999969
(691.) 0.69 -0.0000070319 0.00010580000000000023
(692.) 0.691 -0.0000069219 0.00011385000000000008
(693.) 0.692 -0.0000068042 0.00012124999999999979
(694.) 0.693 -0.0000066794 0.00012789999999999996
(695.) 0.694 -0.0000065484 0.00013379999999999976
(696.) 0.695 -0.0000064118 0.00013899999999999972
(697.) 0.696 -0.0000062704 0.00014349999999999986
(698.) 0.697 -0.0000061248 0.00014730000000000014
(699.) 0.698 -0.0000059758 0.00015044999999999984
(700.) 0.699 -0.0000058239 0.00015294999999999981
(701.) 0.7 -0.0000056699 0.00015474999999999994
(702.) 0.701 -0.0000055144 0.00015604999999999984
(703.) 0.702 -0.0000053578 0.00015679999999999977
(704.) 0.703 -0.0000052008 0.00015704999999999991
(705.) 0.704 -0.0000050437 0.0001569
(706.) 0.705 -0.000004887 0.00015629999999999954
(707.) 0.706 -0.0000047311 0.0001554499999999998
(708.) 0.707 -0.0000045761 0.00015434999999999993
(709.) 0.708 -0.0000044224 0.00015299999999999992
(710.) 0.709 -0.0000042701 0.00015155000000000013
(711.) 0.71 -0.0000041193 0.0001499999999999997
(712.) 0.711 -0.0000039701 0.00014849999999999981
(713.) 0.712 -0.0000038223 0.00014710000000000013
(714.) 0.713 -0.0000036759 0.0001457999999999998
(715.) 0.714 -0.0000035307 0.00014469999999999972
(716.) 0.715 -0.0000033865 0.0001438999999999999
(717.) 0.716 -0.0000032429 0.00014339999999999985
(718.) 0.717 -0.0000030997 0.00014324999999999974
(719.) 0.718 -0.0000029564 0.00014359999999999986
(720.) 0.719 -0.0000028125 0.00014439999999999993
(721.) 0.72 -0.0000026676 0.0001456499999999999
(722.) 0.721 -0.0000025212 0.00014754999999999985
(723.) 0.722 -0.0000023725 0.00015005000000000002
(724.) 0.723 -0.0000022211 0.00015305000000000003
(725.) 0.724 -0.0000020664 0.00015674999999999966
(726.) 0.725 -0.0000019076 0.0001611499999999998
(727.) 0.726 -0.0000017441 0.00016614999999999995
(728.) 0.727 -0.0000015753 0.00017179999999999984
(729.) 0.728 -0.0000014005 0.00017809999999999988
(730.) 0.729 -0.0000012191 0.00018499999999999986
(731.) 0.73 -0.0000010305 0.0001925749999999998
(732.) 0.731 -8.3395e-7 0.00020072499999999977
(733.) 0.732 -6.2905e-7 0.0002093749999999998
(734.) 0.733 -4.152e-7 0.0002185549999999998
(735.) 0.734 -1.9194e-7 0.0002281929999999998
(736.) 0.735 4.1186e-8 0.00023824499999999978
(737.) 0.736 2.8455e-7 0.0002486419999999998
(738.) 0.737 5.3847e-7 0.00025932499999999976
(739.) 0.738 8.032e-7 0.0002702149999999997
(740.) 0.739 0.0000010789 0.0002812999999999997
(741.) 0.74 0.0000013658 0.0002924499999999998
(742.) 0.741 0.0000016638 0.0003034999999999998
(743.) 0.742 0.0000019728 0.00031454999999999976
(744.) 0.743 0.0000022929 0.00032549999999999983
(745.) 0.744 0.0000026238 0.00033609999999999977
(746.) 0.745 0.0000029651 0.0003463999999999997
(747.) 0.746 0.0000033166 0.00035629999999999955
(748.) 0.747 0.0000036777 0.00036564999999999954
(749.) 0.748 0.0000040479 0.00037449999999999983
(750.) 0.749 0.0000044267 0.0003826999999999998
(751.) 0.75 0.0000048133 0.00039014999999999964
(752.) 0.751 0.000005207 0.0003967499999999997
(753.) 0.752 0.0000056068 0.0004024999999999996
(754.) 0.753 0.000006012 0.00040739999999999933
(755.) 0.754 0.0000064216 0.0004112499999999997
(756.) 0.755 0.0000068345 0.0004139999999999998
(757.) 0.756 0.0000072496 0.00041574999999999983
(758.) 0.757 0.000007666 0.0004163499999999999
(759.) 0.758 0.0000080823 0.0004156999999999989
(760.) 0.759 0.0000084974 0.0004139499999999993
(761.) 0.76 0.0000089102 0.0004109999999999996
(762.) 0.761 0.0000093194 0.0004067499999999996
(763.) 0.762 0.0000097237 0.0004013000000000004
(764.) 0.763 0.000010122 0.0003946500000000002
(765.) 0.764 0.000010513 0.00038649999999999926
(766.) 0.765 0.000010895 0.00037749999999999904
(767.) 0.766 0.000011268 0.0003675
(768.) 0.767 0.00001163 0.0003560000000000002
(769.) 0.768 0.00001198 0.0003434999999999999
(770.) 0.769 0.000012317 0.00032949999999999966
(771.) 0.77 0.000012639 0.00031499999999999925
(772.) 0.771 0.000012947 0.0002999999999999994
(773.) 0.772 0.000013239 0.0002829999999999994
(774.) 0.773 0.000013513 0.0002660000000000003
(775.) 0.774 0.000013771 0.0002485
(776.) 0.775 0.00001401 0.00022949999999999905
(777.) 0.776 0.00001423 0.00021000000000000033
(778.) 0.777 0.00001443 0.00019049999999999997
(779.) 0.778 0.000014611 0.00017099999999999958
(780.) 0.779 0.000014772 0.00015050000000000038
(781.) 0.78 0.000014912 0.00012999999999999947
(782.) 0.781 0.000015032 0.00010949999999999945
(783.) 0.782 0.000015131 0.00008850000000000001
(784.) 0.783 0.000015209 0.00006800000000000081
(785.) 0.784 0.000015267 0.000047500000000000775
(786.) 0.785 0.000015304 0.00002749999999999929
(787.) 0.786 0.000015322 0.0000079999999999989
(788.) 0.787 0.00001532 -0.000011499999999999795
(789.) 0.788 0.000015299 -0.000029999999999999686
(790.) 0.789 0.00001526 -0.00004800000000000018
(791.) 0.79 0.000015203 -0.00006599999999999982
(792.) 0.791 0.000015128 -0.00008249999999999957
(793.) 0.792 0.000015038 -0.0000984999999999999
(794.) 0.793 0.000014931 -0.00011350000000000059
(795.) 0.794 0.000014811 -0.00012749999999999993
(796.) 0.795 0.000014676 -0.0001414999999999993
(797.) 0.796 0.000014528 -0.0001534999999999993
(798.) 0.797 0.000014369 -0.00016449999999999972
(799.) 0.798 0.000014199 -0.00017450000000000047
(800.) 0.799 0.00001402 -0.0001840000000000001
(801.) 0.8 0.000013831 -0.00019249999999999926
(802.) 0.801 0.000013635 -0.00019899999999999996
(803.) 0.802 0.000013433 -0.0002050000000000004
(804.) 0.803 0.000013225 -0.00021049999999999975
(805.) 0.804 0.000013012 -0.0002144999999999992
(806.) 0.805 0.000012796 -0.00021749999999999984
(807.) 0.806 0.000012577 -0.0002195
(808.) 0.807 0.000012357 -0.0002209999999999999
(809.) 0.808 0.000012135 -0.00022150000000000013
(810.) 0.809 0.000011914 -0.0002209999999999999
(811.) 0.81 0.000011693 -0.00021999999999999938
(812.) 0.811 0.000011474 -0.00021799999999999925
(813.) 0.812 0.000011257 -0.00021600000000001195
(814.) 0.813 0.000011042 -0.00021300000000001195
(815.) 0.814 0.000010831 -0.0002095000000000001
(816.) 0.815 0.000010623 -0.0002065000000000003
(817.) 0.816 0.000010418 -0.0002025
(818.) 0.817 0.000010218 -0.00019799999999999945
(819.) 0.818 0.000010022 -0.00019369999999999934
(820.) 0.819 0.0000098306 -0.00018929999999999986
(821.) 0.82 0.0000096434 -0.00018499999999999975
(822.) 0.821 0.0000094606 -0.00018069999999999965
(823.) 0.822 0.000009282 -0.00017654999999999987
(824.) 0.823 0.0000091075 -0.0001726499999999998
(825.) 0.824 0.0000089367 -0.00016900000000000026
(826.) 0.825 0.0000087695 -0.0001656999999999998
(827.) 0.826 0.0000086053 -0.00016279999999999938
(828.) 0.827 0.0000084439 -0.00016029999999999983
(829.) 0.828 0.0000082847 -0.0001583999999999999
(830.) 0.829 0.0000081271 -0.0001569500000000001
(831.) 0.83 0.0000079708 -0.00015604999999999984
(832.) 0.831 0.000007815 -0.00015575000000000002
(833.) 0.832 0.0000076593 -0.00015605000000000027
(834.) 0.833 0.0000075029 -0.0001569999999999998
(835.) 0.834 0.0000073453 -0.00015854999999999982
(836.) 0.835 0.0000071858 -0.00016074999999999954
(837.) 0.836 0.0000070238 -0.00016354999999999975
(838.) 0.837 0.0000068587 -0.00016695000000000002
(839.) 0.838 0.0000066899 -0.00017089999999999976
(840.) 0.839 0.0000065169 -0.0001753999999999999
(841.) 0.84 0.0000063391 -0.00018050000000000005
(842.) 0.841 0.0000061559 -0.00018599999999999983
(843.) 0.842 0.0000059671 -0.00019189999999999962
(844.) 0.843 0.0000057721 -0.0001982999999999997
(845.) 0.844 0.0000055705 -0.00020494999999999986
(846.) 0.845 0.0000053622 -0.00021180000000000005
(847.) 0.846 0.0000051469 -0.00021889999999999995
(848.) 0.847 0.0000049244 -0.00022619999999999986
(849.) 0.848 0.0000046945 -0.00023349999999999977
(850.) 0.849 0.0000044574 -0.00024074999999999956
(851.) 0.85 0.000004213 -0.00024794999999999966
(852.) 0.851 0.0000039615 -0.00025499999999999986
(853.) 0.852 0.000003703 -0.00026179999999999975
(854.) 0.853 0.0000034379 -0.0002682999999999998
(855.) 0.854 0.0000031664 -0.0002744499999999997
(856.) 0.855 0.000002889 -0.00028004999999999973
(857.) 0.856 0.0000026063 -0.0002851999999999998
(858.) 0.857 0.0000023186 -0.0002897499999999998
(859.) 0.858 0.0000020268 -0.0002936499999999998
(860.) 0.859 0.0000017313 -0.0002968499999999996
(861.) 0.86 0.0000014331 -0.00029924999999999977
(862.) 0.861 0.0000011328 -0.0003008499999999998
(863.) 0.862 8.314e-7 -0.00030157499999999973
(864.) 0.863 5.2965e-7 -0.00030145499999999974
(865.) 0.864 2.2849e-7 -0.00030038849999999975
(866.) 0.865 -7.1127e-8 -0.00029837499999999976
(867.) 0.866 -3.6826e-7 -0.0002953964999999997
(868.) 0.867 -6.6192e-7 -0.0002914449999999997
(869.) 0.868 -9.5115e-7 -0.0002865399999999998
(870.) 0.869 -0.000001235 -0.00028062499999999973
(871.) 0.87 -0.0000015124 -0.0002737499999999998
(872.) 0.871 -0.0000017825 -0.00026599999999999974
(873.) 0.872 -0.0000020444 -0.0002573499999999996
(874.) 0.873 -0.0000022972 -0.00024774999999999987
(875.) 0.874 -0.0000025399 -0.00023734999999999994
(876.) 0.875 -0.0000027719 -0.00022619999999999986
(877.) 0.876 -0.0000029923 -0.00021429999999999982
(878.) 0.877 -0.0000032005 -0.00020179999999999973
(879.) 0.878 -0.0000033959 -0.0001886499999999997
(880.) 0.879 -0.0000035778 -0.00017494999999999997
(881.) 0.88 -0.0000037458 -0.00016084999999999976
(882.) 0.881 -0.0000038995 -0.00014639999999999966
(883.) 0.882 -0.0000040386 -0.00013170000000000025
(884.) 0.883 -0.0000041629 -0.00011675000000000009
(885.) 0.884 -0.0000042721 -0.00010174999999999983
(886.) 0.885 -0.0000043664 -0.00008674999999999998
(887.) 0.886 -0.0000044456 -0.00007184999999999993
(888.) 0.887 -0.0000045101 -0.000057149999999999905
(889.) 0.888 -0.0000045599 -0.000042649999999999885
(890.) 0.889 -0.0000045954 -0.000028600000000000007
(891.) 0.89 -0.0000046171 -0.000015049999999999952
(892.) 0.891 -0.0000046255 -0.000001999999999999725
(893.) 0.892 -0.0000046211 0.000010399999999999926
(894.) 0.893 -0.0000046047 0.000022099999999999734
(895.) 0.894 -0.0000045769 0.00003299999999999991
(896.) 0.895 -0.0000045387 0.000043000000000000225
(897.) 0.896 -0.0000044909 0.00005210000000000027
(898.) 0.897 -0.0000044345 0.00006024999999999992
(899.) 0.898 -0.0000043704 0.0000672999999999997
(900.) 0.899 -0.0000042999 0.00007329999999999972
(901.) 0.9 -0.0000042238 0.00007819999999999988
(902.) 0.901 -0.0000041435 0.00008189999999999994
(903.) 0.902 -0.00000406 0.00008445000000000002
(904.) 0.903 -0.0000039746 0.00008585000000000012
(905.) 0.904 -0.0000038883 0.00008610000000000003
(906.) 0.905 -0.0000038024 0.00008514999999999986
(907.) 0.906 -0.000003718 0.00008309999999999981
(908.) 0.907 -0.0000036362 0.00007989999999999979
(909.) 0.908 -0.0000035582 0.00007555
(910.) 0.909 -0.0000034851 0.00007025000000000003
(911.) 0.91 -0.0000034177 0.00006394999999999998
(912.) 0.911 -0.0000033572 0.000056649999999999866
(913.) 0.912 -0.0000033044 0.0000485499999999999
(914.) 0.913 -0.0000032601 0.00003965000000000008
(915.) 0.914 -0.0000032251 0.00003005000000000001
(916.) 0.915 -0.0000032 0.000019899999999999996
(917.) 0.916 -0.0000031853 0.000009149999999999938
(918.) 0.917 -0.0000031817 -0.0000020000000000001486
(919.) 0.918 -0.0000031893 -0.000013399999999999936
(920.) 0.919 -0.0000032085 -0.000025049999999999847
(921.) 0.92 -0.0000032394 -0.00003679999999999998
(922.) 0.921 -0.0000032821 -0.0000485
(923.) 0.922 -0.0000033364 -0.00006004999999999991
(924.) 0.923 -0.0000034022 -0.00007134999999999989
(925.) 0.924 -0.0000034791 -0.00008225000000000007
(926.) 0.925 -0.0000035667 -0.0000926999999999999
(927.) 0.926 -0.0000036645 -0.00010254999999999989
(928.) 0.927 -0.0000037718 -0.00011165000000000014
(929.) 0.928 -0.0000038878 -0.00011994999999999991
(930.) 0.929 -0.0000040117 -0.0001273499999999996
(931.) 0.93 -0.0000041425 -0.00013369999999999997
(932.) 0.931 -0.0000042791 -0.00013895000000000004
(933.) 0.932 -0.0000044204 -0.0001430499999999997
(934.) 0.933 -0.0000045652 -0.00014590000000000002
(935.) 0.934 -0.0000047122 -0.00014734999999999981
(936.) 0.935 -0.0000048599 -0.00014744999999999963
(937.) 0.936 -0.0000050071 -0.00014615000000000016
(938.) 0.937 -0.0000051522 -0.0001433500000000079
(939.) 0.938 -0.0000052938 -0.00013905000000000755
(940.) 0.939 -0.0000054303 -0.00013324999999999982
(941.) 0.94 -0.0000055603 -0.0001258999999999998
(942.) 0.941 -0.0000056821 -0.0001169999999999998
(943.) 0.942 -0.0000057943 -0.00010664999999999998
(944.) 0.943 -0.0000058954 -0.00009484999999999995
(945.) 0.944 -0.000005984 -0.0000815999999999997
(946.) 0.945 -0.0000060586 -0.0000669000000000001
(947.) 0.946 -0.0000061178 -0.00005090000000000018
(948.) 0.947 -0.0000061604 -0.00003369999999999975
(949.) 0.948 -0.0000061852 -0.000015349999999999763
(950.) 0.949 -0.0000061911 0.000004149999999999779
(951.) 0.95 -0.0000061769 0.000024600000000000134
(952.) 0.951 -0.0000061419 0.00004585000000000012
(953.) 0.952 -0.0000060852 0.00006789999999999975
(954.) 0.953 -0.0000060061 0.00009059999999999995
(955.) 0.954 -0.000005904 0.00011369999999999976
(956.) 0.955 -0.0000057787 0.0001370999999999998
(957.) 0.956 -0.0000056298 0.0001608000000000001
(958.) 0.957 -0.0000054571 0.00018449999999999993
(959.) 0.958 -0.0000052608 0.00020799999999999977
(960.) 0.959 -0.0000050411 0.0002312999999999996
(961.) 0.96 -0.0000047982 0.00025419999999999984
(962.) 0.961 -0.0000045327 0.00027644999999999986
(963.) 0.962 -0.0000042453 0.00029799999999999965
(964.) 0.963 -0.0000039367 0.00031864999999999964
(965.) 0.964 -0.000003608 0.0003381999999999997
(966.) 0.965 -0.0000032603 0.0003565999999999998
(967.) 0.966 -0.0000028948 0.0003736499999999997
(968.) 0.967 -0.000002513 0.0003891999999999995
(969.) 0.968 -0.0000021164 0.00040314999999999963
(970.) 0.969 -0.0000017067 0.0004153999999999997
(971.) 0.97 -0.0000012856 0.00042582999999999955
(972.) 0.971 -8.5504e-7 0.00043428499999999964
(973.) 0.972 -4.1703e-7 0.0004407044999999996
(974.) 0.973 2.6369e-8 0.00044502999999999963
(975.) 0.974 4.7303e-7 0.0004471854999999996
(976.) 0.975 9.2074e-7 0.00044713499999999966
(977.) 0.976 0.0000013673 0.00044477999999999965
(978.) 0.977 0.0000018103 0.00044014999999999956
(979.) 0.978 0.0000022476 0.00043324999999999955
(980.) 0.979 0.0000026768 0.0004240499999999996
(981.) 0.98 0.0000030957 0.00041259999999999973
(982.) 0.981 0.000003502 0.0003988999999999998
(983.) 0.982 0.0000038935 0.00038309999999999966
(984.) 0.983 0.0000042682 0.00036514999999999947
(985.) 0.984 0.0000046238 0.0003451499999999997
(986.) 0.985 0.0000049585 0.00032334999999999976
(987.) 0.986 0.0000052705 0.0002996999999999996
(988.) 0.987 0.0000055579 0.00027440000000000006
(989.) 0.988 0.0000058193 0.00024764999999999987
(990.) 0.989 0.0000060532 0.00021949999999999956
(991.) 0.99 0.0000062583 0.00019024999999999983
(992.) 0.991 0.0000064337 0.00016
(993.) 0.992 0.0000065783 0.00012899999999999983
(994.) 0.993 0.0000066917 0.00009749999999999982
(995.) 0.994 0.0000067733 0.0000656499999999999
(996.) 0.995 0.000006823 0.000033700000000000175
(997.) 0.996 0.0000068407 0.000001950000000000039
(998.) 0.997 0.0000068269 -0.000029350000000000378
(999.) 0.998 0.000006782 -0.0000599999999999998
(1000.) 0.999 0.0000067069 -0.00008964999999999956
(1001.) 1 0.0000066027 OGRANICENJE
